139446.3205 35.33060764
142303.3187 36.23893219
145063.7587 37.13169463
147732.7748 38.01060154
150315.121 38.87730872
152815.2077 39.73342496
155237.1342 40.58051759
157584.7178 41.42011899
159861.5186 42.2537341
162070.8629 43.08284866
164215.8628 43.90893824
166299.4345 44.73347815
168324.3144 45.55795421
170293.0737 46.38387464
172208.1314 47.21278322
174071.7665 48.04627413
175886.1284 48.88600867
177653.2471 49.73373468
179375.042 50.59130899
181053.3303 51.46072405
182689.8342 52.34413971
184286.1887 53.24392192
185843.9475 54.16269004
187364.5896 55.10337609
188849.5249 56.06929975
190300.1005 57.06426464
191717.6059 58.09268425
193103.2789 59.15974968
194458.312 60.27165757
195783.8589 61.43592719
197081.0427 62.66185325
198350.9658 63.96117299
199594.724 65.34908529
200813.4255 66.84587833
202008.2232 68.47967536
203180.3695 70.29140282
204331.3226 72.34465501
205462.9845 74.74801328
206578.3543 77.71675266
207684.1142 81.81840359
208822.2263 91.05621517
215960.484 417.857326
217272.1037 425.514422
218591.366 433.5658851
219933.8321 442.3074335
221330.2874 452.3362668
222878.564 465.5660179
251656.1536 1029.341129
257647.1302 1052.627616
258781.0744 1056.002946
259893.8196 1059.287834
260985.9734 1062.485926
262058.1192 1065.600668
263110.8176 1068.635318
264144.6075 1071.592965
265160.0072 1074.476536
266157.5156 1077.288807
267137.6128 1080.032414
268100.7616 1082.709862
269047.4077 1085.323534
269977.9809 1087.875698
270892.8957 1090.368512
271792.5522 1092.804034
272677.3363 1095.184227
273547.621 1097.510963
274403.7662 1099.786029
275246.1201 1102.011135
276075.0189 1104.187912
276890.7879 1106.317923
277693.7418 1108.402662
278484.185 1110.443559
279262.4121 1112.441986
280028.7085 1114.399256
280783.3504 1116.316629
281526.6056 1118.195314
282258.7333 1120.036469
282979.985 1121.84121
283690.6046 1123.610605
284390.8283 1125.345684
285080.8856 1127.047434
285760.9989 1128.716805
286431.3843 1130.354714
287092.2515 1131.96204
287743.804 1133.539632
288386.2396 1135.088305
289019.7505 1136.608847
289644.5233 1138.102017
290260.7395 1139.568545
290868.5755 1141.009139
291468.2027 1142.424477
292059.7881 1143.815219
292643.4939 1145.181998
293219.4779 1146.525428
293787.8938 1147.8461
294348.8911 1149.144586
294902.6155 1150.421441
295449.2087 1151.677199
295988.8087 1152.912377
296521.5501 1154.127477
297047.5638 1155.322982
297566.9776 1156.499362
297047.5639 1155.322982
296521.5502 1154.127477
295988.8088 1152.912377
295449.2088 1151.677199
294902.6156 1150.421441
294348.8912 1149.144587
293787.8939 1147.8461
293219.478 1146.525428
292643.494 1145.181999
292059.7882 1143.815219
291468.2028 1142.424478
290868.5756 1141.009139
290260.7396 1139.568545
289644.5234 1138.102017
289019.7506 1136.608847
288386.2397 1135.088305
287743.8041 1133.539632
287092.2516 1131.962041
286431.3844 1130.354714
285760.999 1128.716806
285080.8857 1127.047434
284390.8284 1125.345684
283690.6047 1123.610606
282979.9851 1121.84121
282258.7334 1120.03647
281526.6057 1118.195314
280783.3505 1116.31663
280028.7086 1114.399257
279262.4122 1112.441987
278484.1851 1110.44356
277693.7419 1108.402662
276890.788 1106.317924
276075.019 1104.187913
275246.1202 1102.011135
274403.7663 1099.78603
273547.6211 1097.510963
272677.3364 1095.184227
271792.5523 1092.804034
270892.8958 1090.368512
269977.981 1087.875698
269047.4078 1085.323535
268100.7617 1082.709862
267137.6129 1080.032414
266157.5157 1077.288807
265160.0073 1074.476536
264144.6076 1071.592966
263110.8177 1068.635318
262058.1193 1065.600668
260985.9735 1062.485927
259893.8197 1059.287835
258781.0745 1056.002946
257647.1303 1052.627616
256491.3541 1049.157983
255313.0859 1045.589954
254111.637 1041.919184
252886.2883 1038.141054
251636.2887 1034.250651
250360.8526 1030.242736
249059.1577 1026.111721
247730.343 1021.851628
246373.5052 1017.45606
244987.6966 1012.918151
243571.921 1008.230522
242125.1303 1003.38522
240646.2202 998.3736603
239134.0251 993.1865457
237587.3131 987.8137814
236004.7794 982.2443711
234385.0392 976.4662943
232726.6189 970.4663595
231027.9463 964.230026
229287.3384 957.7411865
227502.987 950.9818973
225672.9403 943.9320401
223795.0809 936.5688923
221867.097 928.866569
219886.4451 920.7952898
217850.3009 912.3203906
215755.492 903.4009625
213598.4031 893.9879249
211374.8391 884.0212084
209079.8177 873.4254796
206707.2413 862.1033515
204249.3462 849.9239748
201695.7098 836.7024489
199031.2761 822.1589484
196231.8673 805.8259347
193251.612 786.7889354
189971.1329 762.6214407
185054.3986 704.835411
162070.8633 43.08284939
159861.519 42.25373477
157584.7182 41.4201196
155237.1346 40.58051814
152815.2081 39.73342546
150315.1214 38.87730917
147732.7751 38.01060196
145063.759 37.13169501
142303.3191 36.23893254
221330.0603 452.332804
220691.8971 447.5995564
220070.2982 443.2377491
219459.9605 439.1428717
218857.3598 435.2465338
218260.1064 431.5024609
217666.4842 427.8774708
217075.2049 424.3466768
216485.267 420.8907207
215895.8689 417.4940742
215306.3526 414.1439408
214716.1665 410.8295174
214124.839 407.5414779
213531.9601 404.2716005
212937.1675 401.0124899
212340.1364 397.7573648
211740.5716 394.4998888
211138.2012 391.2340323
210532.7716 387.9539546
209924.0435 384.6538994
209311.7885 381.3280982
208695.7857 377.9706765
208075.8195 374.5755574
207451.6765 371.1363609
206823.1435 367.6462905
206190.0046 364.0980044
205552.0386 360.4834621
204909.0156 356.7937379
204260.6938 353.0187877
203606.8145 349.1471508
202947.0967 345.1655591
202281.2296 341.0584144
201608.8621 336.8070692
200929.589 332.3888117
200242.9301 327.7753862
199548.2987 322.9307566
198844.9526 317.8075752
198131.9112 312.341292
197407.8076 306.4396411
196670.5989 299.9620854
195916.9205 292.6742243
195140.3517 284.1254599
194324.9654 273.1926819
193394.251 254.3297134
190586.2106 57.26715898
189940.6067 56.81257401
189288.2459 56.36455486
188629.0076 55.92266162
187962.772 55.48651867
187289.4173 55.05577432
186608.8188 54.63009844
185920.8495 54.20918036
185225.3796 53.79272704
184522.2764 53.38046137
183811.4045 52.97212071
183092.6252 52.56745559
182365.7969 52.16622846
181630.7746 51.76821271
180887.4098 51.37319161
180135.551 50.98095746
179375.0424 50.59131079
178605.7251 50.20405964
177827.4358 49.81901886
177040.0075 49.43600952
176243.269 49.05485836
175437.0447 48.67539721
174621.1545 48.29746261
173795.4139 47.92089524
172959.6334 47.54553962
172113.6186 47.17124366
171257.1701 46.79785829
170390.0829 46.42523717
169512.1468 46.05323635
168623.1457 45.68171394
167722.8575 45.31052988
166811.0541 44.93954563
165887.5011 44.56862394
164951.9571 44.1976286
164004.1742 43.82642421
163043.8971 43.45487595
162070.8633 43.0828494
161084.8024 42.71021029
160085.436 42.33682437
159072.4775 41.96255714
158045.6313 41.58727377
157004.5931 41.21083884
155949.049 40.83311622
154878.6753 40.4539689
153793.1381 40.07325885
152692.0929 39.69084683
151575.184 39.30659233
150442.0441 38.92035334
149292.2937 38.5319863
148125.5408 38.14134595
146941.38 37.74828523
145739.3922 37.35265517
144519.1435 36.95430482
143280.1853 36.55308114
142022.0526 36.14882898
140744.264 35.741391
